1 3 4 7 8 9 10 11 12 13 14 20 21 22 23 24 25 33 34 39 43 44 45 46 47 48 49 54 55 56 58 59 60 61 62

63 64 65 76 77 78 79 81 82 83 85 86 87 88 89 90 96 97 98 99 100 101 103 104 106 107 108 110 111

112 123 130 131 133 134 135 136 137 138 140 141 143 151 152 160 161 162 163 164 165 166 167

172 173 174 175 176 177 178 180 181 182 183 184 185 186 187 193 194 195 196 207 208 209 210

211 212 213 214 215 224 233 234 235 236 237 238 239 240 246 247 248 253 254 255 256 257 262

263 264 265 269 270 271 272 273 274 278 279 280 281 282 283 284 285 286 287 288 289 290 291

292 293
